00001000010000000010000000000000
00100100000000110000000000000000
00010000001000000000000000000000
00000000000000000000001000000000
00001000010000000010000000000000
00100100000000110000000000000000
00000000101000000000000100000000
00001000010000000010000000000000
00100100000000110000000000000000
00001000001000000010000000000000
00000100000000010000000000000000
00000010001000000000000100000000
00001000010000000010000000000000
00100100000000110000000000000000
00001000001000000000000000000000
00000100000100000001000100000000
00000000100100000000000100000000
00000010000001001100000100000000
00000010000001001000000100000000
00001000010000000010000000000000
00100100000000110000000000000000
00100000001000000000000100000000
00001000010000000010000000000000
00100100000000110000100000000000
00100000001000000000000100000000
00001000010000000010000000000000
00100100000000110000110000000000
00100000001000000000000100000000
00000000000000000000000100000000
